
obj/kern/kernel:     file format elf32-i386

Contents of .stab section:

Symnum n_type n_othr n_desc n_value  n_strx String

-1     HdrSym 0      1441   00001989 1     
0      SO     0      0      f0100000 1      {standard input}
1      SOL    0      0      f010000c 18     kern/entry.S
2      SLINE  0      44     f010000c 0      
3      SLINE  0      57     f0100015 0      
4      SLINE  0      58     f010001a 0      
5      SLINE  0      60     f010001d 0      
6      SLINE  0      61     f0100020 0      
7      SLINE  0      62     f0100025 0      
8      SLINE  0      67     f0100028 0      
9      SLINE  0      68     f010002d 0      
10     SLINE  0      74     f010002f 0      
11     SLINE  0      77     f0100034 0      
12     SLINE  0      80     f0100039 0      
13     SLINE  0      83     f010003e 0      
14     SO     0      2      f0100040 31     kern/entrypgdir.c
15     OPT    0      0      00000000 49     gcc2_compiled.
16     LSYM   0      0      00000000 64     int:t(0,1)=r(0,1);-2147483648;2147483647;
17     LSYM   0      0      00000000 106    char:t(0,2)=r(0,2);0;127;
18     LSYM   0      0      00000000 132    long int:t(0,3)=r(0,3);-2147483648;2147483647;
19     LSYM   0      0      00000000 179    unsigned int:t(0,4)=r(0,4);0;4294967295;
20     LSYM   0      0      00000000 220    long unsigned int:t(0,5)=r(0,5);0;4294967295;
21     LSYM   0      0      00000000 266    __int128:t(0,6)=r(0,6);0;-1;
22     LSYM   0      0      00000000 295    __int128 unsigned:t(0,7)=r(0,7);0;-1;
23     LSYM   0      0      00000000 333    long long int:t(0,8)=r(0,8);-9223372036854775808;9223372036854775807;
24     LSYM   0      0      00000000 403    long long unsigned int:t(0,9)=r(0,9);0;-1;
25     LSYM   0      0      00000000 446    short int:t(0,10)=r(0,10);-32768;32767;
26     LSYM   0      0      00000000 486    short unsigned int:t(0,11)=r(0,11);0;65535;
27     LSYM   0      0      00000000 530    signed char:t(0,12)=r(0,12);-128;127;
28     LSYM   0      0      00000000 568    unsigned char:t(0,13)=r(0,13);0;255;
29     LSYM   0      0      00000000 605    float:t(0,14)=r(0,1);4;0;
30     LSYM   0      0      00000000 631    double:t(0,15)=r(0,1);8;0;
31     LSYM   0      0      00000000 658    long double:t(0,16)=r(0,1);12;0;
32     LSYM   0      0      00000000 691    _Float32:t(0,17)=r(0,1);4;0;
33     LSYM   0      0      00000000 720    _Float64:t(0,18)=r(0,1);8;0;
34     LSYM   0      0      00000000 749    _Float128:t(0,19)=r(0,1);16;0;
35     LSYM   0      0      00000000 780    _Float32x:t(0,20)=r(0,1);8;0;
36     LSYM   0      0      00000000 810    _Float64x:t(0,21)=r(0,1);12;0;
37     LSYM   0      0      00000000 841    _Decimal32:t(0,22)=r(0,1);4;0;
38     LSYM   0      0      00000000 872    _Decimal64:t(0,23)=r(0,1);8;0;
39     LSYM   0      0      00000000 903    _Decimal128:t(0,24)=r(0,1);16;0;
40     LSYM   0      0      00000000 936    void:t(0,25)=(0,25)
41     BINCL  0      0      000159c2 956    ./inc/mmu.h
42     BINCL  0      0      000060d4 968    ./inc/types.h
43     LSYM   0      0      00000000 982    bool:t(2,1)=(2,2)=eFalse:0,True:1,;
44     LSYM   0      0      00000000 1018    :T(2,3)=efalse:0,true:1,;
45     LSYM   0      0      00000000 1045   int8_t:t(2,4)=(0,12)
46     LSYM   0      0      00000000 1066   uint8_t:t(2,5)=(0,13)
47     LSYM   0      0      00000000 1088   int16_t:t(2,6)=(0,10)
48     LSYM   0      0      00000000 1110   uint16_t:t(2,7)=(0,11)
49     LSYM   0      0      00000000 1133   int32_t:t(2,8)=(0,1)
50     LSYM   0      0      00000000 1154   uint32_t:t(2,9)=(0,4)
51     LSYM   0      0      00000000 1176   int64_t:t(2,10)=(0,8)
52     LSYM   0      0      00000000 1198   uint64_t:t(2,11)=(0,9)
53     LSYM   0      0      00000000 1221   intptr_t:t(2,12)=(2,8)
54     LSYM   0      0      00000000 1244   uintptr_t:t(2,13)=(2,9)
55     LSYM   0      0      00000000 1268   physaddr_t:t(2,14)=(2,9)
56     LSYM   0      0      00000000 1293   ppn_t:t(2,15)=(2,9)
57     LSYM   0      0      00000000 1313   size_t:t(2,16)=(2,9)
58     LSYM   0      0      00000000 1334   ssize_t:t(2,17)=(2,8)
59     LSYM   0      0      00000000 1356   off_t:t(2,18)=(2,8)
60     EINCL  0      0      00000000 0      
61     LSYM   0      0      00000000 1376   Segdesc:T(1,1)=s8sd_lim_15_0:(0,4),0,16;sd_base_15_0:(0,4),16,16;sd_base_23_16:(0,4),32,8;sd_type:(0,4),40,4;sd_s:(0,4),44,1;sd_dpl:(0,4),45,2;sd_p:(0,4),47,1;sd_lim_19_16:(0,4),48,4;sd_avl:(0,4),52,1;sd_rsv1:(0,4),53,1;sd_db:(0,4),54,1;sd_g:(0,4),55,1;sd_base_31_24:(0,4),56,8;;
62     LSYM   0      0      00000000 1656   Taskstate:T(1,2)=s104ts_link:(2,9),0,32;ts_esp0:(2,13),32,32;ts_ss0:(2,7),64,16;ts_padding1:(2,7),80,16;ts_esp1:(2,13),96,32;ts_ss1:(2,7),128,16;ts_padding2:(2,7),144,16;ts_esp2:(2,13),160,32;ts_ss2:(2,7),192,16;ts_padding3:(2,7),208,16;ts_cr3:(2,14),224,32;ts_eip:(2,13),256,32;ts_eflags:(2,9),288,32;ts_eax:(2,9),320,32;ts_ecx:(2,9),352,32;ts_edx:(2,9),384,32;ts_ebx:(2,9),416,32;ts_esp:(2,13),448,32;ts_ebp:(2,13),480,32;ts_esi:(2,9),512,32;ts_edi:(2,9),544,32;ts_es:(2,7),576,16;ts_padding4:(2,7),592,16;ts_cs:(2,7),608,16;ts_padding5:(2,7),624,16;ts_ss:(2,7),640,16;ts_padding6:(2,7),656,16;ts_ds:(2,7),672,16;ts_padding7:(2,7),688,16;ts_fs:(2,7),704,16;ts_padding8:(2,7),720,16;ts_gs:(2,7),736,16;ts_padding9:(2,7),752,16;ts_ldt:(2,7),768,16;ts_padding10:(2,7),784,16;ts_t:(2,7),800,16;ts_iomb:(2,7),816,16;;
63     LSYM   0      0      00000000 2471   Gatedesc:T(1,3)=s8gd_off_15_0:(0,4),0,16;gd_sel:(0,4),16,16;gd_args:(0,4),32,5;gd_rsv1:(0,4),37,3;gd_type:(0,4),40,4;gd_s:(0,4),44,1;gd_dpl:(0,4),45,2;gd_p:(0,4),47,1;gd_off_31_16:(0,4),48,16;;
64     LSYM   0      0      00000000 2665   Pseudodesc:T(1,4)=s6pd_lim:(2,7),0,16;pd_base:(2,9),16,32;;
65     EINCL  0      0      00000000 0      
66     BINCL  0      0      000008c7 2725   ./inc/memlayout.h
67     LSYM   0      0      00000000 2743   pte_t:t(3,1)=(2,9)
68     LSYM   0      0      00000000 2762   pde_t:t(3,2)=(2,9)
69     EINCL  0      0      00000000 0      
70     GSYM   0      0      00000000 2781   entry_pgdir:G(0,26)=ar(0,27)=r(0,27);0;4294967295;;0;1023;(3,2)
71     GSYM   0      0      00000000 2845   entry_pgtable:G(0,28)=ar(0,27);0;1023;(3,1)
72     SO     0      0      f0100040 0      
73     SO     0      2      f0100040 2889   kern/init.c
74     OPT    0      0      00000000 49     gcc2_compiled.
75     LSYM   0      0      00000000 64     int:t(0,1)=r(0,1);-2147483648;2147483647;
76     LSYM   0      0      00000000 106    char:t(0,2)=r(0,2);0;127;
77     LSYM   0      0      00000000 132    long int:t(0,3)=r(0,3);-2147483648;2147483647;
78     LSYM   0      0      00000000 179    unsigned int:t(0,4)=r(0,4);0;4294967295;
79     LSYM   0      0      00000000 220    long unsigned int:t(0,5)=r(0,5);0;4294967295;
80     LSYM   0      0      00000000 266    __int128:t(0,6)=r(0,6);0;-1;
81     LSYM   0      0      00000000 295    __int128 unsigned:t(0,7)=r(0,7);0;-1;
82     LSYM   0      0      00000000 333    long long int:t(0,8)=r(0,8);-9223372036854775808;9223372036854775807;
83     LSYM   0      0      00000000 403    long long unsigned int:t(0,9)=r(0,9);0;-1;
84     LSYM   0      0      00000000 446    short int:t(0,10)=r(0,10);-32768;32767;
85     LSYM   0      0      00000000 486    short unsigned int:t(0,11)=r(0,11);0;65535;
86     LSYM   0      0      00000000 530    signed char:t(0,12)=r(0,12);-128;127;
87     LSYM   0      0      00000000 568    unsigned char:t(0,13)=r(0,13);0;255;
88     LSYM   0      0      00000000 605    float:t(0,14)=r(0,1);4;0;
89     LSYM   0      0      00000000 631    double:t(0,15)=r(0,1);8;0;
90     LSYM   0      0      00000000 658    long double:t(0,16)=r(0,1);12;0;
91     LSYM   0      0      00000000 691    _Float32:t(0,17)=r(0,1);4;0;
92     LSYM   0      0      00000000 720    _Float64:t(0,18)=r(0,1);8;0;
93     LSYM   0      0      00000000 749    _Float128:t(0,19)=r(0,1);16;0;
94     LSYM   0      0      00000000 780    _Float32x:t(0,20)=r(0,1);8;0;
95     LSYM   0      0      00000000 810    _Float64x:t(0,21)=r(0,1);12;0;
96     LSYM   0      0      00000000 841    _Decimal32:t(0,22)=r(0,1);4;0;
97     LSYM   0      0      00000000 872    _Decimal64:t(0,23)=r(0,1);8;0;
98     LSYM   0      0      00000000 903    _Decimal128:t(0,24)=r(0,1);16;0;
99     LSYM   0      0      00000000 936    void:t(0,25)=(0,25)
100    BINCL  0      0      00000000 2901   ./inc/stdio.h
101    BINCL  0      0      00000650 2915   ./inc/stdarg.h
102    LSYM   0      0      00000000 2930   va_list:t(2,1)=(2,2)=*(0,2)
103    EINCL  0      0      00000000 0      
104    EINCL  0      0      00000000 0      
105    BINCL  0      0      00000000 2958   ./inc/string.h
106    EXCL   0      0      000060d4 968    ./inc/types.h
107    EINCL  0      0      00000000 0      
108    FUN    0      0      f0100040 2973   test_backtrace:F(0,25)
109    PSYM   0      0      00000008 2996   x:p(0,1)
110    SLINE  0      13     00000000 0      
111    SLINE  0      14     00000017 0      
112    SLINE  0      15     00000027 0      
113    SLINE  0      16     0000002e 0      
114    SLINE  0      19     0000003d 0      
115    SLINE  0      20     0000004d 0      
116    SLINE  0      18     00000057 0      
117    RSYM   0      0      00000006 3005   x:r(0,1)
118    FUN    0      0      f01000aa 3014   i386_init:F(0,25)
119    SLINE  0      24     00000000 0      
120    SLINE  0      30     00000016 0      
121    SLINE  0      30     00000024 0      
122    SLINE  0      34     0000002d 0      
123    SLINE  0      36     00000032 0      
124    SLINE  0      37     00000046 0      
125    SLINE  0      40     00000057 0      
126    SLINE  0      44     00000066 0      
127    FUN    0      0      f010011f 3032   _panic:F(0,25)
128    PSYM   0      0      00000008 3047   file:p(0,26)=*(0,2)
129    PSYM   0      0      0000000c 3067   line:p(0,1)
130    PSYM   0      0      00000010 3079   fmt:p(0,26)
131    SLINE  0      60     00000000 0      
132    SLINE  0      63     0000001b 0      
133    SLINE  0      63     00000021 0      
134    SLINE  0      79     00000026 0      
135    SLINE  0      65     00000035 0      
136    SLINE  0      68     00000037 0      
137    SLINE  0      70     00000039 0      
138    SLINE  0      71     0000003c 0      
139    SLINE  0      72     00000051 0      
140    SLINE  0      73     0000005b 0      
141    RSYM   0      0      00000007 3091   fmt:r(0,26)
142    FUN    0      0      f010018d 3103   _warn:F(0,25)
143    PSYM   0      0      00000008 3117   file:p(0,26)
144    PSYM   0      0      0000000c 3067   line:p(0,1)
145    PSYM   0      0      00000010 3079   fmt:p(0,26)
146    SLINE  0      85     00000000 0      
147    SLINE  0      88     00000014 0      
148    SLINE  0      89     00000017 0      
149    SLINE  0      90     0000002c 0      
150    SLINE  0      91     00000038 0      
151    SLINE  0      93     00000046 0      
152    GSYM   0      0      00000000 3130   panicstr:G(0,26)
153    SO     0      0      f01001dd 0      
154    SO     0      2      f01001e1 3147   kern/console.c
155    OPT    0      0      00000000 49     gcc2_compiled.
156    LSYM   0      0      00000000 64     int:t(0,1)=r(0,1);-2147483648;2147483647;
157    LSYM   0      0      00000000 106    char:t(0,2)=r(0,2);0;127;
158    LSYM   0      0      00000000 132    long int:t(0,3)=r(0,3);-2147483648;2147483647;
159    LSYM   0      0      00000000 179    unsigned int:t(0,4)=r(0,4);0;4294967295;
160    LSYM   0      0      00000000 220    long unsigned int:t(0,5)=r(0,5);0;4294967295;
161    LSYM   0      0      00000000 266    __int128:t(0,6)=r(0,6);0;-1;
162    LSYM   0      0      00000000 295    __int128 unsigned:t(0,7)=r(0,7);0;-1;
163    LSYM   0      0      00000000 333    long long int:t(0,8)=r(0,8);-9223372036854775808;9223372036854775807;
164    LSYM   0      0      00000000 403    long long unsigned int:t(0,9)=r(0,9);0;-1;
165    LSYM   0      0      00000000 446    short int:t(0,10)=r(0,10);-32768;32767;
166    LSYM   0      0      00000000 486    short unsigned int:t(0,11)=r(0,11);0;65535;
167    LSYM   0      0      00000000 530    signed char:t(0,12)=r(0,12);-128;127;
168    LSYM   0      0      00000000 568    unsigned char:t(0,13)=r(0,13);0;255;
169    LSYM   0      0      00000000 605    float:t(0,14)=r(0,1);4;0;
170    LSYM   0      0      00000000 631    double:t(0,15)=r(0,1);8;0;
171    LSYM   0      0      00000000 658    long double:t(0,16)=r(0,1);12;0;
172    LSYM   0      0      00000000 691    _Float32:t(0,17)=r(0,1);4;0;
173    LSYM   0      0      00000000 720    _Float64:t(0,18)=r(0,1);8;0;
174    LSYM   0      0      00000000 749    _Float128:t(0,19)=r(0,1);16;0;
175    LSYM   0      0      00000000 780    _Float32x:t(0,20)=r(0,1);8;0;
176    LSYM   0      0      00000000 810    _Float64x:t(0,21)=r(0,1);12;0;
177    LSYM   0      0      00000000 841    _Decimal32:t(0,22)=r(0,1);4;0;
178    LSYM   0      0      00000000 872    _Decimal64:t(0,23)=r(0,1);8;0;
179    LSYM   0      0      00000000 903    _Decimal128:t(0,24)=r(0,1);16;0;
180    LSYM   0      0      00000000 936    void:t(0,25)=(0,25)
181    BINCL  0      0      00000000 3162   ./inc/x86.h
182    EXCL   0      0      000060d4 968    ./inc/types.h
183    EINCL  0      0      00000000 0      
184    EXCL   0      0      000008c7 2725   ./inc/memlayout.h
185    EXCL   0      0      000159c2 956    ./inc/mmu.h
186    BINCL  0      0      00000000 3174   ./inc/assert.h
187    EXCL   0      0      00000000 2901   ./inc/stdio.h
188    EXCL   0      0      00000650 2915   ./inc/stdarg.h
189    EINCL  0      0      00000000 0      
190    FUN    0      0      f01001e1 3189   serial_proc_data:f(0,1)
191    SLINE  0      52     00000000 0      
192    SOL    0      0      f01001e5 3162   ./inc/x86.h
193    SLINE  0      16     00000004 0      
194    SOL    0      0      f01001eb 3147   kern/console.c
195    SLINE  0      53     0000000a 0      
196    SOL    0      0      f01001ef 3162   ./inc/x86.h
197    SLINE  0      16     0000000e 0      
198    SOL    0      0      f01001f5 3147   kern/console.c
199    SLINE  0      55     00000014 0      
200    SLINE  0      54     00000018 0      
201    SLINE  0      56     0000001d 0      
202    FUN    0      0      f01001ff 3213   cons_intr:f(0,25)
203    RSYM   0      0      00000007 3231   proc:P(0,26)=*(0,27)=f(0,1)
204    SLINE  0      397    00000000 0      
205    SLINE  0      403    00000016 0      
206    SLINE  0      403    0000001c 0      
207    SLINE  0      400    00000025 0      
208    SLINE  0      400    0000002a 0      
209    SLINE  0      401    0000002f 0      
210    SLINE  0      403    00000033 0      
211    SLINE  0      403    0000003a 0      
212    SLINE  0      403    0000003d 0      
213    SLINE  0      404    00000043 0      
214    SLINE  0      405    00000049 0      
215    SLINE  0      407    0000005a 0      
216    RSYM   0      0      00000000 3259   c:r(0,1)
217    LBRAC  0      0      00000000 0      
218    RBRAC  0      0      00000062 0      
219    FUN    0      0      f0100261 3268   kbd_proc_data:f(0,1)
220    SLINE  0      317    00000000 0      
221    SOL    0      0      f0100275 3162   ./inc/x86.h
222    SLINE  0      16     00000014 0      
223    SOL    0      0      f010027b 3147   kern/console.c
224    SLINE  0      323    0000001a 0      
225    SLINE  0      326    00000022 0      
226    SOL    0      0      f010028b 3162   ./inc/x86.h
227    SLINE  0      16     0000002a 0      
228    SOL    0      0      f0100293 3147   kern/console.c
229    SLINE  0      331    00000032 0      
230    SLINE  0      335    00000036 0      
231    SLINE  0      340    0000003a 0      
232    SLINE  0      340    00000040 0      
233    SLINE  0      342    00000045 0      
234    SLINE  0      343    0000004a 0      
235    SLINE  0      346    00000053 0      
236    SLINE  0      346    0000005e 0      
237    SLINE  0      347    00000064 0      
238    SLINE  0      347    0000006c 0      
239    SLINE  0      349    00000074 0      
240    SLINE  0      349    00000079 0      
241    SLINE  0      349    00000084 0      
242    SLINE  0      350    00000087 0      
243    SLINE  0      351    0000008b 0      
244    SLINE  0      351    00000090 0      
245    SLINE  0      352    00000095 0      
246    SLINE  0      333    0000009a 0      
247    SLINE  0      334    000000a1 0      
248    SLINE  0      365    000000a6 0      
249    SLINE  0      337    000000af 0      
250    SLINE  0      337    000000b5 0      
251    SLINE  0      338    000000c2 0      
252    SLINE  0      338    000000c5 0      
253    SLINE  0      338    000000d3 0      
254    SLINE  0      338    000000d5 0      
255    SLINE  0      339    000000dd 0      
256    SLINE  0      353    000000e4 0      
257    SLINE  0      354    000000e7 0      
258    SLINE  0      359    000000f0 0      
259    SLINE  0      359    000000f2 0      
260    SLINE  0      360    000000fe 0      
261    SOL    0      0      f010036e 3162   ./inc/x86.h
262    SLINE  0      66     0000010d 0      
263    SLINE  0      67     00000118 0      
264    SOL    0      0      f010037e 3147   kern/console.c
265    SLINE  0      324    0000011d 0      
266    SLINE  0      327    00000124 0      
267    RSYM   0      0      00000006 3259   c:r(0,1)
268    RSYM   0      0      00000002 3289   data:r(2,5)
269    LCSYM  0      0      f0113060 3301   shift:V(2,9)
270    LBRAC  0      0      00000000 0      
271    RSYM   0      0      00000002 3289   data:r(2,5)
272    LBRAC  0      0      0000002a 0      
273    RBRAC  0      0      00000032 0      
274    RBRAC  0      0      0000012e 0      
275    FUN    0      0      f010038f 3314   cons_putc:f(0,25)
276    RSYM   0      0      00000007 3332   c:P(0,1)
277    SLINE  0      434    00000000 0      
278    SLINE  0      70     00000016 0      
279    SOL    0      0      f01003aa 3162   ./inc/x86.h
280    SLINE  0      16     0000001b 0      
281    SOL    0      0      f01003b5 3147   kern/console.c
282    SLINE  0      71     00000026 0      
283    SOL    0      0      f01003c1 3162   ./inc/x86.h
284    SLINE  0      16     00000032 0      
285    SOL    0      0      f01003c7 3147   kern/console.c
286    SLINE  0      72     00000038 0      
287    SLINE  0      75     0000003d 0      
288    SOL    0      0      f01003d1 3162   ./inc/x86.h
289    SLINE  0      66     00000042 0      
290    SOL    0      0      f01003d7 3147   kern/console.c
291    SLINE  0      116    00000048 0      
292    SOL    0      0      f01003dc 3162   ./inc/x86.h
293    SLINE  0      16     0000004d 0      
294    SOL    0      0      f01003e7 3147   kern/console.c
295    SLINE  0      116    00000058 0      
296    SOL    0      0      f01003f3 3162   ./inc/x86.h
297    SLINE  0      16     00000064 0      
298    SOL    0      0      f01003f9 3147   kern/console.c
299    SLINE  0      116    0000006a 0      
300    SOL    0      0      f01003fe 3162   ./inc/x86.h
301    SLINE  0      66     0000006f 0      
302    SOL    0      0      f0100419 3147   kern/console.c
303    SLINE  0      167    0000008a 0      
304    SLINE  0      169    00000098 0      
305    SLINE  0      169    0000009d 0      
306    SLINE  0      183    000000bf 0      
307    SLINE  0      184    000000c9 0      
308    SLINE  0      185    000000d3 0      
309    SLINE  0      186    000000dd 0      
310    SLINE  0      187    000000e7 0      
311    SLINE  0      188    000000f1 0      
312    SLINE  0      169    000000f3 0      
313    SLINE  0      180    000000fc 0      
314    SLINE  0      195    00000119 0      
315    SLINE  0      205    00000128 0      
316    SOL    0      0      f01004bd 3162   ./inc/x86.h
317    SLINE  0      66     0000012e 0      
318    SOL    0      0      f01004c5 3147   kern/console.c
319    SLINE  0      206    00000136 0      
320    SLINE  0      206    0000013d 0      
321    SLINE  0      206    00000140 0      
322    SOL    0      0      f01004d5 3162   ./inc/x86.h
323    SLINE  0      66     00000146 0      
324    SOL    0      0      f01004e5 3147   kern/console.c
325    SLINE  0      438    00000156 0      
326    SLINE  0      171    0000015e 0      
327    SLINE  0      171    00000165 0      
328    SLINE  0      172    0000016a 0      
329    SLINE  0      173    00000174 0      
330    SLINE  0      173    00000177 0      
331    SLINE  0      173    0000017b 0      
332    SLINE  0      177    0000018a 0      
333    SLINE  0      190    00000197 0      
334    SLINE  0      190    000001ab 0      
335    SLINE  0      191    000001b5 0      
336    SLINE  0      198    000001ba 0      
337    SLINE  0      198    000001c8 0      
338    SLINE  0      198    000001ce 0      
339    SLINE  0      200    000001d5 0      
340    SLINE  0      200    000001ea 0      
341    SLINE  0      199    000001f2 0      
342    SLINE  0      201    000001f6 0      
343    RSYM   0      0      00000006 3341   i:r(0,1)
344    LBRAC  0      0      00000016 0      
345    RBRAC  0      0      00000048 0      
346    RSYM   0      0      00000006 3341   i:r(0,1)
347    LBRAC  0      0      00000048 0      
348    RBRAC  0      0      0000008a 0      
349    RSYM   0      0      00000007 3259   c:r(0,1)
350    LBRAC  0      0      0000008a 0      
351    RBRAC  0      0      00000156 0      
352    RSYM   0      0      00000007 3259   c:r(0,1)
353    LBRAC  0      0      0000015e 0      
354    RBRAC  0      0      00000203 0      
355    FUN    0      0      f0100592 3350   serial_intr:F(0,25)
356    SLINE  0      60     00000000 0      
357    SLINE  0      61     0000000e 0      
358    SLINE  0      60     00000018 0      
359    SLINE  0      62     0000001e 0      
360    SLINE  0      63     00000029 0      
361    FUN    0      0      f01005bd 3370   kbd_intr:F(0,25)
362    SLINE  0      369    00000000 0      
363    SLINE  0      370    00000014 0      
364    SLINE  0      371    0000001f 0      
365    FUN    0      0      f01005de 3387   cons_getc:F(0,1)
366    SLINE  0      412    00000000 0      
367    SLINE  0      418    00000016 0      
368    SLINE  0      419    0000001b 0      
369    SLINE  0      422    00000020 0      
370    SLINE  0      428    00000026 0      
371    SLINE  0      422    0000002b 0      
372    SLINE  0      423    00000033 0      
373    SLINE  0      423    00000036 0      
374    SLINE  0      425    0000003e 0      
375    SLINE  0      429    00000052 0      
376    RSYM   0      0      00000002 3259   c:r(0,1)
377    LBRAC  0      0      00000000 0      
378    RBRAC  0      0      0000005a 0      
379    FUN    0      0      f0100638 3404   cons_init:F(0,25)
380    SLINE  0      443    00000000 0      
381    SLINE  0      140    00000018 0      
382    SLINE  0      141    0000001f 0      
383    SLINE  0      142    00000028 0      
384    SLINE  0      142    0000002f 0      
385    SLINE  0      144    00000039 0      
386    SLINE  0      143    00000043 0      
387    SLINE  0      151    0000004a 0      
388    SOL    0      0      f0100688 3162   ./inc/x86.h
389    SLINE  0      66     00000050 0      
390    SOL    0      0      f0100690 3147   kern/console.c
391    SLINE  0      152    00000058 0      
392    SOL    0      0      f0100693 3162   ./inc/x86.h
393    SLINE  0      16     0000005b 0      
394    SOL    0      0      f0100696 3147   kern/console.c
395    SLINE  0      152    0000005e 0      
396    SLINE  0      152    00000061 0      
397    SOL    0      0      f010069c 3162   ./inc/x86.h
398    SLINE  0      66     00000064 0      
399    SLINE  0      16     0000006c 0      
400    SOL    0      0      f01006a7 3147   kern/console.c
401    SLINE  0      156    0000006f 0      
402    SLINE  0      154    00000078 0      
403    SLINE  0      154    0000007b 0      
404    SLINE  0      157    0000007d 0      
405    SOL    0      0      f01006bc 3162   ./inc/x86.h
406    SLINE  0      66     00000084 0      
407    SLINE  0      16     000000cb 0      
408    SOL    0      0      f010070b 3147   kern/console.c
409    SLINE  0      99     000000d3 0      
410    SLINE  0      99     000000d5 0      
411    SOL    0      0      f0100714 3162   ./inc/x86.h
412    SLINE  0      16     000000dc 0      
413    SOL    0      0      f0100720 3147   kern/console.c
414    SLINE  0      448    000000e8 0      
415    SLINE  0      450    000000ed 0      
416    SLINE  0      146    000000f5 0      
417    SLINE  0      147    000000fc 0      
418    SLINE  0      139    00000106 0      
419    SLINE  0      449    00000112 0      
420    SLINE  0      450    00000124 0      
421    RSYM   0      0      00000002 3422   was:r(2,7)
422    LBRAC  0      0      00000018 0      
423    RBRAC  0      0      00000084 0      
424    RSYM   0      0      00000002 3422   was:r(2,7)
425    LBRAC  0      0      000000f5 0      
426    RBRAC  0      0      00000112 0      
427    FUN    0      0      f010075e 3433   cputchar:F(0,25)
428    PSYM   0      0      00000008 3450   c:p(0,1)
429    SLINE  0      457    00000000 0      
430    SLINE  0      458    0000000a 0      
431    SLINE  0      459    00000012 0      
432    FUN    0      0      f0100772 3459   getchar:F(0,1)
433    SLINE  0      463    00000000 0      
434    SLINE  0      466    0000000a 0      
435    SLINE  0      466    0000000f 0      
436    SLINE  0      469    00000013 0      
437    RSYM   0      0      00000000 3259   c:r(0,1)
438    LBRAC  0      0      00000000 0      
439    RBRAC  0      0      00000015 0      
440    FUN    0      0      f0100787 3474   iscons:F(0,1)
441    PSYM   0      0      00000008 3488   fdnum:p(0,1)
442    SLINE  0      473    00000000 0      
443    SLINE  0      476    00000004 0      
444    LCSYM  0      0      f0113060 3301   shift:V(2,9)
445    LCSYM  0      0      f0113080 3501   cons:S(0,28)=s520buf:(0,29)=ar(0,30)=r(0,30);0;4294967295;;0;511;(2,5),0,4096;rpos:(2,9),4096,32;wpos:(2,9),4128,32;;
446    STSYM  0      0      f0113000 3619   charcode:S(0,31)=ar(0,30);0;3;(0,32)=*(2,5)
447    STSYM  0      0      f0111000 3663   ctlmap:S(0,33)=ar(0,30);0;255;(2,5)
448    STSYM  0      0      f0111100 3699   shiftmap:S(0,33)
449    STSYM  0      0      f0111200 3716   normalmap:S(0,33)
450    STSYM  0      0      f0101c40 3734   togglecode:S(0,33)
451    STSYM  0      0      f0101d40 3753   shiftcode:S(0,33)
452    LCSYM  0      0      f0113288 3771   crt_pos:S(2,7)
453    LCSYM  0      0      f011328c 3786   crt_buf:S(0,34)=*(2,7)
454    LCSYM  0      0      f0113290 3809   addr_6845:S(0,4)
455    LCSYM  0      0      f0113294 3826   serial_exists:S(2,1)
456    SO     0      0      f0100791 0      
457    SO     0      2      f0100799 3847   kern/monitor.c
458    OPT    0      0      00000000 49     gcc2_compiled.
459    LSYM   0      0      00000000 64     int:t(0,1)=r(0,1);-2147483648;2147483647;
460    LSYM   0      0      00000000 106    char:t(0,2)=r(0,2);0;127;
461    LSYM   0      0      00000000 132    long int:t(0,3)=r(0,3);-2147483648;2147483647;
462    LSYM   0      0      00000000 179    unsigned int:t(0,4)=r(0,4);0;4294967295;
463    LSYM   0      0      00000000 220    long unsigned int:t(0,5)=r(0,5);0;4294967295;
464    LSYM   0      0      00000000 266    __int128:t(0,6)=r(0,6);0;-1;
465    LSYM   0      0      00000000 295    __int128 unsigned:t(0,7)=r(0,7);0;-1;
466    LSYM   0      0      00000000 333    long long int:t(0,8)=r(0,8);-9223372036854775808;9223372036854775807;
467    LSYM   0      0      00000000 403    long long unsigned int:t(0,9)=r(0,9);0;-1;
468    LSYM   0      0      00000000 446    short int:t(0,10)=r(0,10);-32768;32767;
469    LSYM   0      0      00000000 486    short unsigned int:t(0,11)=r(0,11);0;65535;
470    LSYM   0      0      00000000 530    signed char:t(0,12)=r(0,12);-128;127;
471    LSYM   0      0      00000000 568    unsigned char:t(0,13)=r(0,13);0;255;
472    LSYM   0      0      00000000 605    float:t(0,14)=r(0,1);4;0;
473    LSYM   0      0      00000000 631    double:t(0,15)=r(0,1);8;0;
474    LSYM   0      0      00000000 658    long double:t(0,16)=r(0,1);12;0;
475    LSYM   0      0      00000000 691    _Float32:t(0,17)=r(0,1);4;0;
476    LSYM   0      0      00000000 720    _Float64:t(0,18)=r(0,1);8;0;
477    LSYM   0      0      00000000 749    _Float128:t(0,19)=r(0,1);16;0;
478    LSYM   0      0      00000000 780    _Float32x:t(0,20)=r(0,1);8;0;
479    LSYM   0      0      00000000 810    _Float64x:t(0,21)=r(0,1);12;0;
480    LSYM   0      0      00000000 841    _Decimal32:t(0,22)=r(0,1);4;0;
481    LSYM   0      0      00000000 872    _Decimal64:t(0,23)=r(0,1);8;0;
482    LSYM   0      0      00000000 903    _Decimal128:t(0,24)=r(0,1);16;0;
483    LSYM   0      0      00000000 936    void:t(0,25)=(0,25)
484    EXCL   0      0      00000000 2901   ./inc/stdio.h
485    EXCL   0      0      00000650 2915   ./inc/stdarg.h
486    EXCL   0      0      00000000 2958   ./inc/string.h
487    EXCL   0      0      000060d4 968    ./inc/types.h
488    EXCL   0      0      000008c7 2725   ./inc/memlayout.h
489    EXCL   0      0      000159c2 956    ./inc/mmu.h
490    BINCL  0      0      0000300f 3862   ./kern/kdebug.h
491    LSYM   0      0      00000000 3878   Eipdebuginfo:T(7,1)=s24eip_file:(7,2)=*(0,2),0,32;eip_line:(0,1),32,32;eip_fn_name:(7,2),64,32;eip_fn_namelen:(0,1),96,32;eip_fn_addr:(4,13),128,32;eip_fn_narg:(0,1),160,32;;
492    EINCL  0      0      00000000 0      
493    LSYM   0      0      00000000 4053   Command:T(0,26)=s12name:(7,2),0,32;desc:(7,2),32,32;func:(0,27)=*(0,28)=f(0,1),64,32;;
494    FUN    0      0      f0100799 4140   mon_help:F(0,1)
495    PSYM   0      0      00000008 4156   argc:p(0,1)
496    PSYM   0      0      0000000c 4168   argv:p(0,29)=*(2,2)
497    PSYM   0      0      00000010 4188   tf:p(0,30)=*(0,31)=xsTrapframe:
498    SLINE  0      33     00000000 0      
499    SLINE  0      37     00000014 0      
500    SLINE  0      39     00000048 0      
501    FUN    0      0      f01007ed 4220   mon_kerninfo:F(0,1)
502    PSYM   0      0      00000008 4156   argc:p(0,1)
503    PSYM   0      0      0000000c 4240   argv:p(0,29)
504    PSYM   0      0      00000010 4253   tf:p(0,30)
505    SLINE  0      43     00000000 0      
506    SLINE  0      46     00000018 0      
507    SLINE  0      47     00000024 0      
508    SLINE  0      48     00000039 0      
509    SLINE  0      49     00000056 0      
510    SLINE  0      50     00000073 0      
511    SLINE  0      51     00000090 0      
512    SLINE  0      52     000000ad 0      
513    SLINE  0      53     000000b0 0      
514    SLINE  0      52     000000b8 0      
515    SLINE  0      55     000000c8 0      
516    FUN    0      0      f01008c2 4264   mon_backtrace:F(0,1)
517    PSYM   0      0      00000008 4156   argc:p(0,1)
518    PSYM   0      0      0000000c 4240   argv:p(0,29)
519    PSYM   0      0      00000010 4253   tf:p(0,30)
520    SLINE  0      59     00000000 0      
521    SOL    0      0      f01008da 3162   ./inc/x86.h
522    SLINE  0      214    00000018 0      
523    SOL    0      0      f01008dc 3847   kern/monitor.c
524    SLINE  0      66     0000001a 0      
525    SLINE  0      63     00000020 0      
526    SLINE  0      66     00000024 0      
527    SLINE  0      67     0000003d 0      
528    SLINE  0      69     00000044 0      
529    SLINE  0      72     00000053 0      
530    RSYM   0      0      00000006 4285   ebp:r(4,9)
531    LBRAC  0      0      00000000 0      
532    RSYM   0      0      00000006 4285   ebp:r(4,9)
533    LBRAC  0      0      00000018 0      
534    RBRAC  0      0      0000001a 0      
535    RBRAC  0      0      00000060 0      
536    FUN    0      0      f0100922 4296   monitor:F(0,25)
537    PSYM   0      0      00000008 4253   tf:p(0,30)
538    SLINE  0      122    00000000 0      
539    SLINE  0      125    00000018 0      
540    SLINE  0      126    00000024 0      
541    SLINE  0      93     00000035 0      
542    SLINE  0      93     00000052 0      
543    SLINE  0      94     00000059 0      
544    SLINE  0      94     0000005f 0      
545    SLINE  0      93     00000065 0      
546    SLINE  0      93     00000068 0      
547    SLINE  0      107    0000006c 0      
548    SLINE  0      110    00000074 0      
549    SLINE  0      113    0000007c 0      
550    SLINE  0      113    0000008e 0      
551    SLINE  0      113    00000099 0      
552    SLINE  0      113    000000ab 0      
553    SLINE  0      116    000000b6 0      
554    SLINE  0      117    000000c8 0      
555    SLINE  0      95     000000cd 0      
556    SLINE  0      99     000000d2 0      
557    SLINE  0      103    000000d7 0      
558    SLINE  0      103    000000dd 0      
559    SLINE  0      104    000000e1 0      
560    SLINE  0      104    000000e4 0      
561    SLINE  0      104    000000ec 0      
562    SLINE  0      104    000000fb 0      
563    SLINE  0      105    00000106 0      
564    SLINE  0      100    0000010b 0      
565    SLINE  0      101    0000011c 0      
566    SLINE  0      130    0000011f 0      
567    SLINE  0      131    00000130 0      
568    SLINE  0      90     00000137 0      
569    SLINE  0      89     0000013e 0      
570    SLINE  0      112    00000148 0      
571    SLINE  0      114    0000014d 0      
572    SLINE  0      114    00000150 0      
573    SLINE  0      114    00000153 0      
574    SLINE  0      132    00000162 0      
575    SLINE  0      135    00000169 0      
576    RSYM   0      0      00000006 4312   buf:r(2,2)
577    LBRAC  0      0      00000000 0      
578    LSYM   0      0      ffffffb8 4323   argv:(0,32)=ar(0,33)=r(0,33);0;4294967295;;0;15;(2,2)
579    RSYM   0      0      00000000 3341   i:r(0,1)
580    LBRAC  0      0      00000035 0      
581    RBRAC  0      0      0000011f 0      
582    LSYM   0      0      ffffffb8 4377   argv:(0,32)
583    RSYM   0      0      00000000 3341   i:r(0,1)
584    LBRAC  0      0      00000137 0      
585    RBRAC  0      0      00000162 0      
586    RBRAC  0      0      00000171 0      
587    STSYM  0      0      f0113010 4389   commands:S(0,34)=ar(0,33);0;1;(0,26)
588    SO     0      0      f0100a93 0      
589    SO     0      2      f0100a93 4426   kern/printf.c
590    OPT    0      0      00000000 49     gcc2_compiled.
591    LSYM   0      0      00000000 64     int:t(0,1)=r(0,1);-2147483648;2147483647;
592    LSYM   0      0      00000000 106    char:t(0,2)=r(0,2);0;127;
593    LSYM   0      0      00000000 132    long int:t(0,3)=r(0,3);-2147483648;2147483647;
594    LSYM   0      0      00000000 179    unsigned int:t(0,4)=r(0,4);0;4294967295;
595    LSYM   0      0      00000000 220    long unsigned int:t(0,5)=r(0,5);0;4294967295;
596    LSYM   0      0      00000000 266    __int128:t(0,6)=r(0,6);0;-1;
597    LSYM   0      0      00000000 295    __int128 unsigned:t(0,7)=r(0,7);0;-1;
598    LSYM   0      0      00000000 333    long long int:t(0,8)=r(0,8);-9223372036854775808;9223372036854775807;
599    LSYM   0      0      00000000 403    long long unsigned int:t(0,9)=r(0,9);0;-1;
600    LSYM   0      0      00000000 446    short int:t(0,10)=r(0,10);-32768;32767;
601    LSYM   0      0      00000000 486    short unsigned int:t(0,11)=r(0,11);0;65535;
602    LSYM   0      0      00000000 530    signed char:t(0,12)=r(0,12);-128;127;
603    LSYM   0      0      00000000 568    unsigned char:t(0,13)=r(0,13);0;255;
604    LSYM   0      0      00000000 605    float:t(0,14)=r(0,1);4;0;
605    LSYM   0      0      00000000 631    double:t(0,15)=r(0,1);8;0;
606    LSYM   0      0      00000000 658    long double:t(0,16)=r(0,1);12;0;
607    LSYM   0      0      00000000 691    _Float32:t(0,17)=r(0,1);4;0;
608    LSYM   0      0      00000000 720    _Float64:t(0,18)=r(0,1);8;0;
609    LSYM   0      0      00000000 749    _Float128:t(0,19)=r(0,1);16;0;
610    LSYM   0      0      00000000 780    _Float32x:t(0,20)=r(0,1);8;0;
611    LSYM   0      0      00000000 810    _Float64x:t(0,21)=r(0,1);12;0;
612    LSYM   0      0      00000000 841    _Decimal32:t(0,22)=r(0,1);4;0;
613    LSYM   0      0      00000000 872    _Decimal64:t(0,23)=r(0,1);8;0;
614    LSYM   0      0      00000000 903    _Decimal128:t(0,24)=r(0,1);16;0;
615    LSYM   0      0      00000000 936    void:t(0,25)=(0,25)
616    EXCL   0      0      000060d4 968    ./inc/types.h
617    EXCL   0      0      00000000 2901   ./inc/stdio.h
618    EXCL   0      0      00000650 2915   ./inc/stdarg.h
619    FUN    0      0      f0100a93 4440   putch:f(0,25)
620    PSYM   0      0      00000008 4454   ch:p(0,1)
621    PSYM   0      0      0000000c 4464   cnt:p(0,26)=*(0,1)
622    SLINE  0      11     00000000 0      
623    SLINE  0      12     00000016 0      
624    SLINE  0      14     0000001e 0      
625    FUN    0      0      f0100ab9 4483   vcprintf:F(0,1)
626    PSYM   0      0      00000008 4499   fmt:p(0,27)=*(0,2)
627    PSYM   0      0      0000000c 4518   ap:p(3,1)
628    SLINE  0      18     00000000 0      
629    SLINE  0      19     00000016 0      
630    SLINE  0      21     0000001d 0      
631    SLINE  0      23     00000033 0      
632    LSYM   0      0      fffffff4 4528   cnt:(0,1)
633    LBRAC  0      0      00000000 0      
634    RBRAC  0      0      0000003b 0      
635    FUN    0      0      f0100af4 4538   cprintf:F(0,1)
636    PSYM   0      0      00000008 4553   fmt:p(0,27)
637    SLINE  0      27     00000000 0      
638    SLINE  0      31     0000000a 0      
639    SLINE  0      32     0000000d 0      
640    SLINE  0      36     00000016 0      
641    RSYM   0      0      00000000 4565   cnt:r(0,1)
642    LBRAC  0      0      00000000 0      
643    RBRAC  0      0      00000018 0      
644    SO     0      0      f0100b0c 0      
645    SO     0      2      f0100b0c 4576   kern/kdebug.c
646    OPT    0      0      00000000 49     gcc2_compiled.
647    LSYM   0      0      00000000 64     int:t(0,1)=r(0,1);-2147483648;2147483647;
648    LSYM   0      0      00000000 106    char:t(0,2)=r(0,2);0;127;
649    LSYM   0      0      00000000 132    long int:t(0,3)=r(0,3);-2147483648;2147483647;
650    LSYM   0      0      00000000 179    unsigned int:t(0,4)=r(0,4);0;4294967295;
651    LSYM   0      0      00000000 220    long unsigned int:t(0,5)=r(0,5);0;4294967295;
652    LSYM   0      0      00000000 266    __int128:t(0,6)=r(0,6);0;-1;
653    LSYM   0      0      00000000 295    __int128 unsigned:t(0,7)=r(0,7);0;-1;
654    LSYM   0      0      00000000 333    long long int:t(0,8)=r(0,8);-9223372036854775808;9223372036854775807;
655    LSYM   0      0      00000000 403    long long unsigned int:t(0,9)=r(0,9);0;-1;
656    LSYM   0      0      00000000 446    short int:t(0,10)=r(0,10);-32768;32767;
657    LSYM   0      0      00000000 486    short unsigned int:t(0,11)=r(0,11);0;65535;
658    LSYM   0      0      00000000 530    signed char:t(0,12)=r(0,12);-128;127;
659    LSYM   0      0      00000000 568    unsigned char:t(0,13)=r(0,13);0;255;
660    LSYM   0      0      00000000 605    float:t(0,14)=r(0,1);4;0;
661    LSYM   0      0      00000000 631    double:t(0,15)=r(0,1);8;0;
662    LSYM   0      0      00000000 658    long double:t(0,16)=r(0,1);12;0;
663    LSYM   0      0      00000000 691    _Float32:t(0,17)=r(0,1);4;0;
664    LSYM   0      0      00000000 720    _Float64:t(0,18)=r(0,1);8;0;
665    LSYM   0      0      00000000 749    _Float128:t(0,19)=r(0,1);16;0;
666    LSYM   0      0      00000000 780    _Float32x:t(0,20)=r(0,1);8;0;
667    LSYM   0      0      00000000 810    _Float64x:t(0,21)=r(0,1);12;0;
668    LSYM   0      0      00000000 841    _Decimal32:t(0,22)=r(0,1);4;0;
669    LSYM   0      0      00000000 872    _Decimal64:t(0,23)=r(0,1);8;0;
670    LSYM   0      0      00000000 903    _Decimal128:t(0,24)=r(0,1);16;0;
671    LSYM   0      0      00000000 936    void:t(0,25)=(0,25)
672    BINCL  0      0      00001ca6 4590   ./inc/stab.h
673    EXCL   0      0      000060d4 968    ./inc/types.h
674    LSYM   0      0      00000000 4603   Stab:T(1,1)=s12n_strx:(2,9),0,32;n_type:(2,5),32,8;n_other:(2,5),40,8;n_desc:(2,7),48,16;n_value:(2,13),64,32;;
675    EINCL  0      0      00000000 0      
676    EXCL   0      0      000008c7 2725   ./inc/memlayout.h
677    EXCL   0      0      000159c2 956    ./inc/mmu.h
678    EXCL   0      0      00000000 3174   ./inc/assert.h
679    EXCL   0      0      00000000 2901   ./inc/stdio.h
680    EXCL   0      0      00000650 2915   ./inc/stdarg.h
681    EXCL   0      0      0000300f 3862   ./kern/kdebug.h
682    FUN    0      0      f0100b0c 4715   stab_binsearch:f(0,25)
683    RSYM   0      0      00000000 4738   stabs:P(0,26)=*(1,1)
684    RSYM   0      0      00000002 4759   region_left:P(0,27)=*(0,1)
685    RSYM   0      0      00000001 4786   region_right:P(0,27)
686    PSYM   0      0      00000008 4807   type:p(0,1)
687    PSYM   0      0      0000000c 4819   addr:p(2,13)
688    SLINE  0      53     00000000 0      
689    SLINE  0      54     00000015 0      
690    SLINE  0      54     00000017 0      
691    SLINE  0      54     0000001c 0      
692    SLINE  0      56     00000023 0      
693    SLINE  0      63     00000025 0      
694    SLINE  0      64     00000028 0      
695    SLINE  0      69     0000002a 0      
696    SLINE  0      69     00000034 0      
697    SLINE  0      70     00000039 0      
698    SLINE  0      71     0000003e 0      
699    SLINE  0      68     00000041 0      
700    SLINE  0      56     00000048 0      
701    SLINE  0      57     0000004d 0      
702    SLINE  0      57     00000053 0      
703    SLINE  0      57     0000006a 0      
704    SLINE  0      60     0000006c 0      
705    SLINE  0      60     00000070 0      
706    SLINE  0      60     00000076 0      
707    SLINE  0      61     0000007a 0      
708    SLINE  0      72     0000007f 0      
709    SLINE  0      73     00000084 0      
710    SLINE  0      73     0000008a 0      
711    SLINE  0      68     0000008f 0      
712    SLINE  0      78     00000098 0      
713    SLINE  0      80     0000009d 0      
714    SLINE  0      68     000000a3 0      
715    SLINE  0      84     000000ac 0      
716    SLINE  0      85     000000b2 0      
717    SLINE  0      85     000000ba 0      
718    SLINE  0      94     000000bf 0      
719    SLINE  0      88     000000c7 0      
720    SLINE  0      89     000000cc 0      
721    SLINE  0      88     000000db 0      
722    SLINE  0      90     000000dd 0      
723    SLINE  0      88     000000e0 0      
724    SLINE  0      89     000000e4 0      
725    SLINE  0      89     000000ea 0      
726    SLINE  0      92     000000ee 0      
727    SLINE  0      94     000000f3 0      
728    RSYM   0      0      00000006 4832   type:r(0,1)
729    RSYM   0      0      00000000 4844   m:r(0,1)
730    LBRAC  0      0      00000025 0      
731    RBRAC  0      0      00000048 0      
732    RSYM   0      0      00000000 4844   m:r(0,1)
733    LBRAC  0      0      0000004d 0      
734    RBRAC  0      0      000000ac 0      
735    FUN    0      0      f0100c01 4853   debuginfo_eip:F(0,1)
736    PSYM   0      0      00000008 4819   addr:p(2,13)
737    PSYM   0      0      0000000c 4874   info:p(0,28)=*(8,1)
738    SLINE  0      106    00000000 0      
739    SLINE  0      112    00000021 0      
740    SLINE  0      113    00000029 0      
741    SLINE  0      114    00000030 0      
742    SLINE  0      115    00000033 0      
743    SLINE  0      116    0000003a 0      
744    SLINE  0      117    0000003d 0      
745    SLINE  0      120    00000044 0      
746    SLINE  0      131    00000050 0      
747    SLINE  0      131    00000062 0      
748    SLINE  0      131    0000006b 0      
749    SLINE  0      140    00000075 0      
750    SLINE  0      141    0000007c 0      
751    SLINE  0      141    00000093 0      
752    SLINE  0      142    00000099 0      
753    SLINE  0      143    000000aa 0      
754    SLINE  0      143    000000ad 0      
755    SLINE  0      148    000000b8 0      
756    SLINE  0      149    000000bb 0      
757    SLINE  0      150    000000c1 0      
758    SLINE  0      152    000000db 0      
759    SLINE  0      152    000000de 0      
760    SLINE  0      155    000000e6 0      
761    SLINE  0      155    000000f5 0      
762    SLINE  0      155    000000f7 0      
763    SLINE  0      155    00000103 0      
764    SLINE  0      156    00000107 0      
765    SLINE  0      157    00000110 0      
766    SLINE  0      157    00000113 0      
767    SLINE  0      170    00000116 0      
768    SLINE  0      170    00000126 0      
769    SLINE  0      170    00000129 0      
770    SLINE  0      189    0000012c 0      
771    SLINE  0      189    0000013f 0      
772    SLINE  0      127    00000144 0      
773    SLINE  0      165    0000015f 0      
774    SLINE  0      166    00000162 0      
775    SLINE  0      192    00000167 0      
776    SLINE  0      189    0000016d 0      
777    SLINE  0      190    00000171 0      
778    SLINE  0      190    00000174 0      
779    SLINE  0      191    00000179 0      
780    SLINE  0      191    0000017e 0      
781    SLINE  0      193    00000184 0      
782    SLINE  0      193    00000193 0      
783    SLINE  0      193    0000019f 0      
784    SLINE  0      194    000001a3 0      
785    SLINE  0      199    000001ab 0      
786    SLINE  0      205    000001b1 0      
787    SLINE  0      199    000001b6 0      
788    SLINE  0      200    000001ba 0      
789    SLINE  0      200    000001cd 0      
790    SLINE  0      203    000001cf 0      
791    SLINE  0      202    000001d3 0      
792    SLINE  0      200    000001d6 0      
793    SLINE  0      201    000001dd 0      
794    SLINE  0      205    000001e3 0      
795    SLINE  0      132    000001ea 0      
796    SLINE  0      144    000001f8 0      
797    SLINE  0      205    000001ff 0      
798    SLINE  0      206    00000204 0      
799    LSYM   0      0      fffffff4 4894   lfile:(0,1)
800    LSYM   0      0      fffffff0 4906   rfile:(0,1)
801    LSYM   0      0      ffffffec 4918   lfun:(0,1)
802    LSYM   0      0      ffffffe8 4929   rfun:(0,1)
803    RSYM   0      0      00000003 4940   addr:r(2,13)
804    RSYM   0      0      00000007 4953   info:r(0,28)
805    LBRAC  0      0      00000000 0      
806    RBRAC  0      0      0000020e 0      
807    SO     0      0      f0100e0f 0      
808    SO     0      2      f0100e13 4966   lib/printfmt.c
809    OPT    0      0      00000000 49     gcc2_compiled.
810    LSYM   0      0      00000000 64     int:t(0,1)=r(0,1);-2147483648;2147483647;
811    LSYM   0      0      00000000 106    char:t(0,2)=r(0,2);0;127;
812    LSYM   0      0      00000000 132    long int:t(0,3)=r(0,3);-2147483648;2147483647;
813    LSYM   0      0      00000000 179    unsigned int:t(0,4)=r(0,4);0;4294967295;
814    LSYM   0      0      00000000 220    long unsigned int:t(0,5)=r(0,5);0;4294967295;
815    LSYM   0      0      00000000 266    __int128:t(0,6)=r(0,6);0;-1;
816    LSYM   0      0      00000000 295    __int128 unsigned:t(0,7)=r(0,7);0;-1;
817    LSYM   0      0      00000000 333    long long int:t(0,8)=r(0,8);-9223372036854775808;9223372036854775807;
818    LSYM   0      0      00000000 403    long long unsigned int:t(0,9)=r(0,9);0;-1;
819    LSYM   0      0      00000000 446    short int:t(0,10)=r(0,10);-32768;32767;
820    LSYM   0      0      00000000 486    short unsigned int:t(0,11)=r(0,11);0;65535;
821    LSYM   0      0      00000000 530    signed char:t(0,12)=r(0,12);-128;127;
822    LSYM   0      0      00000000 568    unsigned char:t(0,13)=r(0,13);0;255;
823    LSYM   0      0      00000000 605    float:t(0,14)=r(0,1);4;0;
824    LSYM   0      0      00000000 631    double:t(0,15)=r(0,1);8;0;
825    LSYM   0      0      00000000 658    long double:t(0,16)=r(0,1);12;0;
826    LSYM   0      0      00000000 691    _Float32:t(0,17)=r(0,1);4;0;
827    LSYM   0      0      00000000 720    _Float64:t(0,18)=r(0,1);8;0;
828    LSYM   0      0      00000000 749    _Float128:t(0,19)=r(0,1);16;0;
829    LSYM   0      0      00000000 780    _Float32x:t(0,20)=r(0,1);8;0;
830    LSYM   0      0      00000000 810    _Float64x:t(0,21)=r(0,1);12;0;
831    LSYM   0      0      00000000 841    _Decimal32:t(0,22)=r(0,1);4;0;
832    LSYM   0      0      00000000 872    _Decimal64:t(0,23)=r(0,1);8;0;
833    LSYM   0      0      00000000 903    _Decimal128:t(0,24)=r(0,1);16;0;
834    LSYM   0      0      00000000 936    void:t(0,25)=(0,25)
835    EXCL   0      0      000060d4 968    ./inc/types.h
836    EXCL   0      0      00000000 2901   ./inc/stdio.h
837    EXCL   0      0      00000650 2915   ./inc/stdarg.h
838    BINCL  0      0      00001a2c 4981   ./inc/error.h
839    LSYM   0      0      00000000 4995    :T(4,1)=eE_UNSPECIFIED:1,E_BAD_ENV:2,E_INVAL:3,E_NO_MEM:4,E_NO_FREE_ENV:5,E_FAULT:6,MAXERROR:7,;
840    EINCL  0      0      00000000 0      
841    LSYM   0      0      00000000 5093   sprintbuf:T(0,26)=s12buf:(3,2),0,32;ebuf:(3,2),32,32;cnt:(0,1),64,32;;
842    FUN    0      0      f0100e13 5164   printnum:f(0,25)
843    RSYM   0      0      00000007 5181   putch:P(0,27)=*(0,28)=f(0,25)
844    RSYM   0      0      00000006 5211   putdat:P(0,29)=*(0,25)
845    PSYM   0      0      00000008 5234   num:p(0,9)
846    PSYM   0      0      00000010 5245   base:p(0,4)
847    PSYM   0      0      00000014 5257   width:p(0,1)
848    PSYM   0      0      00000018 5270   padc:p(0,1)
849    SLINE  0      38     00000000 0      
850    SLINE  0      40     00000031 0      
851    SLINE  0      40     0000003b 0      
852    SLINE  0      41     00000042 0      
853    SLINE  0      45     00000077 0      
854    SLINE  0      44     00000083 0      
855    SLINE  0      49     0000008a 0      
856    SLINE  0      49     0000008e 0      
857    SLINE  0      49     000000a8 0      
858    SLINE  0      50     000000b3 0      
859    RSYM   0      0      00000000 5282   base:r(0,4)
860    RSYM   0      0      00000003 5294   width:r(0,1)
861    FUN    0      0      f0100ed1 5307   sprintputch:f(0,25)
862    PSYM   0      0      00000008 4454   ch:p(0,1)
863    PSYM   0      0      0000000c 5327   b:p(0,30)=*(0,26)
864    SLINE  0      264    00000000 0      
865    SLINE  0      265    0000000a 0      
866    SLINE  0      266    0000000e 0      
867    SLINE  0      266    00000010 0      
868    SLINE  0      267    00000015 0      
869    SLINE  0      267    0000001a 0      
870    SLINE  0      268    0000001f 0      
871    RSYM   0      0      00000000 5345   ch:r(0,1)
872    RSYM   0      0      00000000 5355   b:r(0,30)
873    FUN    0      0      f0100ef2 5365   printfmt:F(0,25)
874    PSYM   0      0      00000008 5382   putch:p(0,27)
875    PSYM   0      0      0000000c 5396   putdat:p(0,29)
876    PSYM   0      0      00000010 5411   fmt:p(0,31)=*(0,2)
877    SLINE  0      248    00000000 0      
878    SLINE  0      251    0000000a 0      
879    SLINE  0      252    0000000d 0      
880    SLINE  0      254    0000001c 0      
881    FUN    0      0      f0100f13 5430   vprintfmt:F(0,25)
882    PSYM   0      0      00000008 5382   putch:p(0,27)
883    PSYM   0      0      0000000c 5396   putdat:p(0,29)
884    PSYM   0      0      00000010 5448   fmt:p(0,31)
885    PSYM   0      0      00000014 4518   ap:p(3,1)
886    SLINE  0      84     00000000 0      
887    SLINE  0      168    00000023 0      
888    SLINE  0      99     00000031 0      
889    SLINE  0      103    00000035 0      
890    SLINE  0      101    0000003c 0      
891    SLINE  0      100    00000043 0      
892    SLINE  0      102    0000004a 0      
893    SLINE  0      105    00000055 0      
894    SLINE  0      105    0000005b 0      
895    SLINE  0      105    0000007b 0      
896    SLINE  0      109    0000007e 0      
897    SLINE  0      105    00000084 0      
898    SLINE  0      105    0000008d 0      
899    SLINE  0      105    00000090 0      
900    SLINE  0      127    00000093 0      
901    SLINE  0      128    0000009b 0      
902    SLINE  0      128    0000009e 0      
903    SLINE  0      129    000000a2 0      
904    SLINE  0      130    000000a5 0      
905    SLINE  0      130    000000a8 0      
906    SLINE  0      127    000000ad 0      
907    SLINE  0      128    000000b0 0      
908    SLINE  0      136    000000b2 0      
909    SLINE  0      105    000000c3 0      
910    SLINE  0      149    000000c6 0      
911    SLINE  0      150    000000cc 0      
912    SLINE  0      150    000000d2 0      
913    SLINE  0      105    000000ee 0      
914    SLINE  0      142    000000f1 0      
915    SLINE  0      105    000000f6 0      
916    SLINE  0      145    000000f9 0      
917    SLINE  0      146    00000100 0      
918    SLINE  0      155    0000010d 0      
919    SLINE  0      105    00000111 0      
920    SLINE  0      156    00000114 0      
921    SLINE  0      160    0000011c 0      
922    SLINE  0      161    0000012a 0      
923    SLINE  0      160    0000012d 0      
924    SLINE  0      161    00000130 0      
925    SLINE  0      165    00000138 0      
926    SLINE  0      168    00000145 0      
927    SLINE  0      168    0000014a 0      
928    SLINE  0      168    00000150 0      
929    SLINE  0      171    00000154 0      
930    SLINE  0      165    00000169 0      
931    SLINE  0      169    00000171 0      
932    SLINE  0      165    00000186 0      
933    SLINE  0      169    00000189 0      
934    SLINE  0      176    00000191 0      
935    SLINE  0      177    0000019f 0      
936    SLINE  0      178    000001b0 0      
937    SLINE  0      179    000001bc 0      
938    SLINE  0      179    000001c9 0      
939    SLINE  0      179    000001da 0      
940    SLINE  0      179    000001e2 0      
941    SLINE  0      179    000001e5 0      
942    SLINE  0      180    000001e7 0      
943    SLINE  0      179    000001ee 0      
944    SLINE  0      180    000001f2 0      
945    SLINE  0      179    000001fb 0      
946    SLINE  0      185    00000217 0      
947    SLINE  0      181    00000226 0      
948    SLINE  0      181    00000229 0      
949    SLINE  0      181    0000022d 0      
950    SLINE  0      181    00000230 0      
951    SLINE  0      181    00000234 0      
952    SLINE  0      181    0000023a 0      
953    SLINE  0      182    00000240 0      
954    SLINE  0      182    00000246 0      
955    SLINE  0      182    0000024c 0      
956    SLINE  0      183    00000251 0      
957    SLINE  0      187    00000262 0      
958    SLINE  0      186    0000026a 0      
959    SLINE  0      186    00000270 0      
960    SLINE  0      176    00000274 0      
961    SLINE  0      70     00000289 0      
962    SLINE  0      72     0000028e 0      
963    SLINE  0      73     00000292 0      
964    SLINE  0      71     000002a9 0      
965    SLINE  0      193    000002c0 0      
966    SLINE  0      197    000002c6 0      
967    SLINE  0      193    000002cb 0      
968    SLINE  0      194    000002d3 0      
969    SLINE  0      195    000002db 0      
970    SLINE  0      195    000002e8 0      
971    SLINE  0      197    000002eb 0      
972    SLINE  0      75     000002f5 0      
973    SLINE  0      57     00000312 0      
974    SLINE  0      59     00000317 0      
975    SLINE  0      60     0000031b 0      
976    SLINE  0      203    0000032b 0      
977    SLINE  0      60     00000330 0      
978    SLINE  0      58     00000335 0      
979    SLINE  0      203    00000343 0      
980    SLINE  0      58     00000348 0      
981    SLINE  0      62     0000034d 0      
982    SLINE  0      203    0000035d 0      
983    SLINE  0      62     00000362 0      
984    SLINE  0      57     0000036a 0      
985    SLINE  0      59     0000036f 0      
986    SLINE  0      60     00000373 0      
987    SLINE  0      210    00000383 0      
988    SLINE  0      60     00000388 0      
989    SLINE  0      58     0000038a 0      
990    SLINE  0      210    00000398 0      
991    SLINE  0      58     0000039d 0      
992    SLINE  0      62     0000039f 0      
993    SLINE  0      210    000003af 0      
994    SLINE  0      62     000003b4 0      
995    SLINE  0      216    000003b9 0      
996    SLINE  0      217    000003c1 0      
997    SLINE  0      218    000003c9 0      
998    SLINE  0      221    000003d3 0      
999    SLINE  0      219    000003d6 0      
1000   SLINE  0      220    000003dc 0      
1001   SLINE  0      228    000003e1 0      
1002   SLINE  0      229    000003f8 0      
1003   SLINE  0      176    000003fb 0      
1004   SLINE  0      92     000003fe 0      
1005   SLINE  0      92     00000401 0      
1006   SLINE  0      92     00000405 0      
1007   SLINE  0      93     0000040e 0      
1008   SLINE  0      95     00000416 0      
1009   SLINE  0      57     00000428 0      
1010   SLINE  0      59     0000042d 0      
1011   SLINE  0      60     00000431 0      
1012   SLINE  0      226    00000441 0      
1013   SLINE  0      60     00000446 0      
1014   SLINE  0      58     00000448 0      
1015   SLINE  0      226    00000456 0      
1016   SLINE  0      58     0000045b 0      
1017   SLINE  0      62     0000045d 0      
1018   SLINE  0      226    0000046d 0      
1019   SLINE  0      62     00000472 0      
1020   SLINE  0      233    0000047a 0      
1021   SLINE  0      234    00000482 0      
1022   SLINE  0      238    0000048d 0      
1023   SLINE  0      239    00000495 0      
1024   SLINE  0      239    0000049a 0      
1025   SLINE  0      239    000004a0 0      
1026   SLINE  0      244    000004ad 0      
1027   RSYM   0      0      00000002 5460   num:r(0,9)
1028   RSYM   0      0      00000000 5471   base:r(0,1)
1029   RSYM   0      0      00000001 5483   lflag:r(0,1)
1030   RSYM   0      0      00000006 5496   putch:r(0,27)
1031   RSYM   0      0      00000007 5510   putdat:r(0,29)
1032   RSYM   0      0      00000003 5525   fmt:r(0,31)
1033   LBRAC  0      0      00000000 0      
1034   RBRAC  0      0      000004b5 0      
1035   FUN    0      0      f01013c8 5537   vsnprintf:F(0,1)
1036   PSYM   0      0      00000008 5554   buf:p(3,2)
1037   PSYM   0      0      0000000c 5565   n:p(0,1)
1038   PSYM   0      0      00000010 5448   fmt:p(0,31)
1039   PSYM   0      0      00000014 4518   ap:p(3,1)
1040   SLINE  0      272    00000000 0      
1041   SLINE  0      273    0000001c 0      
1042   SLINE  0      273    0000001f 0      
1043   SLINE  0      273    00000026 0      
1044   SLINE  0      275    0000002d 0      
1045   SLINE  0      279    00000035 0      
1046   SLINE  0      282    0000004b 0      
1047   SLINE  0      282    0000004e 0      
1048   SLINE  0      284    00000051 0      
1049   SLINE  0      285    00000057 0      
1050   SLINE  0      276    0000005c 0      
1051   LSYM   0      0      ffffffec 5574   b:(0,26)
1052   RSYM   0      0      00000000 5583   buf:r(3,2)
1053   RSYM   0      0      00000002 5594   n:r(0,1)
1054   LBRAC  0      0      00000000 0      
1055   RBRAC  0      0      00000063 0      
1056   FUN    0      0      f010142b 5603   snprintf:F(0,1)
1057   PSYM   0      0      00000008 5554   buf:p(3,2)
1058   PSYM   0      0      0000000c 5565   n:p(0,1)
1059   PSYM   0      0      00000010 5448   fmt:p(0,31)
1060   SLINE  0      289    00000000 0      
1061   SLINE  0      293    0000000a 0      
1062   SLINE  0      294    0000000d 0      
1063   SLINE  0      298    0000001c 0      
1064   RSYM   0      0      00000000 5619   rc:r(0,1)
1065   LBRAC  0      0      00000000 0      
1066   RBRAC  0      0      0000001e 0      
1067   STSYM  0      0      f0113028 5629   error_string:S(0,32)=ar(0,33)=r(0,33);0;4294967295;;0;6;(0,31)
1068   SO     0      0      f0101449 0      
1069   SO     0      2      f0101449 5692   lib/readline.c
1070   OPT    0      0      00000000 49     gcc2_compiled.
1071   LSYM   0      0      00000000 64     int:t(0,1)=r(0,1);-2147483648;2147483647;
1072   LSYM   0      0      00000000 106    char:t(0,2)=r(0,2);0;127;
1073   LSYM   0      0      00000000 132    long int:t(0,3)=r(0,3);-2147483648;2147483647;
1074   LSYM   0      0      00000000 179    unsigned int:t(0,4)=r(0,4);0;4294967295;
1075   LSYM   0      0      00000000 220    long unsigned int:t(0,5)=r(0,5);0;4294967295;
1076   LSYM   0      0      00000000 266    __int128:t(0,6)=r(0,6);0;-1;
1077   LSYM   0      0      00000000 295    __int128 unsigned:t(0,7)=r(0,7);0;-1;
1078   LSYM   0      0      00000000 333    long long int:t(0,8)=r(0,8);-9223372036854775808;9223372036854775807;
1079   LSYM   0      0      00000000 403    long long unsigned int:t(0,9)=r(0,9);0;-1;
1080   LSYM   0      0      00000000 446    short int:t(0,10)=r(0,10);-32768;32767;
1081   LSYM   0      0      00000000 486    short unsigned int:t(0,11)=r(0,11);0;65535;
1082   LSYM   0      0      00000000 530    signed char:t(0,12)=r(0,12);-128;127;
1083   LSYM   0      0      00000000 568    unsigned char:t(0,13)=r(0,13);0;255;
1084   LSYM   0      0      00000000 605    float:t(0,14)=r(0,1);4;0;
1085   LSYM   0      0      00000000 631    double:t(0,15)=r(0,1);8;0;
1086   LSYM   0      0      00000000 658    long double:t(0,16)=r(0,1);12;0;
1087   LSYM   0      0      00000000 691    _Float32:t(0,17)=r(0,1);4;0;
1088   LSYM   0      0      00000000 720    _Float64:t(0,18)=r(0,1);8;0;
1089   LSYM   0      0      00000000 749    _Float128:t(0,19)=r(0,1);16;0;
1090   LSYM   0      0      00000000 780    _Float32x:t(0,20)=r(0,1);8;0;
1091   LSYM   0      0      00000000 810    _Float64x:t(0,21)=r(0,1);12;0;
1092   LSYM   0      0      00000000 841    _Decimal32:t(0,22)=r(0,1);4;0;
1093   LSYM   0      0      00000000 872    _Decimal64:t(0,23)=r(0,1);8;0;
1094   LSYM   0      0      00000000 903    _Decimal128:t(0,24)=r(0,1);16;0;
1095   LSYM   0      0      00000000 936    void:t(0,25)=(0,25)
1096   EXCL   0      0      00000000 2901   ./inc/stdio.h
1097   EXCL   0      0      00000650 2915   ./inc/stdarg.h
1098   EXCL   0      0      00001a2c 4981   ./inc/error.h
1099   FUN    0      0      f0101449 5707   readline:F(2,2)
1100   PSYM   0      0      00000008 5723   prompt:p(0,26)=*(0,2)
1101   SLINE  0      9      00000000 0      
1102   SLINE  0      12     0000001b 0      
1103   SLINE  0      13     0000001f 0      
1104   SLINE  0      16     00000032 0      
1105   SLINE  0      15     00000042 0      
1106   SLINE  0      29     00000047 0      
1107   SLINE  0      20     00000052 0      
1108   SLINE  0      21     00000062 0      
1109   SLINE  0      37     0000006a 0      
1110   SLINE  0      23     00000072 0      
1111   SLINE  0      25     00000078 0      
1112   SLINE  0      24     0000007d 0      
1113   SLINE  0      28     0000008c 0      
1114   SLINE  0      29     00000098 0      
1115   SLINE  0      29     000000a0 0      
1116   SLINE  0      18     000000a3 0      
1117   SLINE  0      19     000000aa 0      
1118   SLINE  0      22     000000ae 0      
1119   SLINE  0      22     000000b4 0      
1120   SLINE  0      22     000000ba 0      
1121   SLINE  0      26     000000c2 0      
1122   SLINE  0      27     000000cf 0      
1123   SLINE  0      30     000000d7 0      
1124   SLINE  0      31     000000e1 0      
1125   SLINE  0      33     000000e7 0      
1126   SLINE  0      34     000000ef 0      
1127   SLINE  0      32     000000fa 0      
1128   RSYM   0      0      00000006 3259   c:r(0,1)
1129   RSYM   0      0      00000000 5745   prompt:r(0,26)
1130   LBRAC  0      0      00000000 0      
1131   RBRAC  0      0      00000109 0      
1132   LCSYM  0      0      f01132a0 5760   buf:S(0,27)=ar(0,28)=r(0,28);0;4294967295;;0;1023;(0,2)
1133   SO     0      0      f0101552 0      
1134   SO     0      2      f0101552 5816   lib/string.c
1135   OPT    0      0      00000000 49     gcc2_compiled.
1136   LSYM   0      0      00000000 64     int:t(0,1)=r(0,1);-2147483648;2147483647;
1137   LSYM   0      0      00000000 106    char:t(0,2)=r(0,2);0;127;
1138   LSYM   0      0      00000000 132    long int:t(0,3)=r(0,3);-2147483648;2147483647;
1139   LSYM   0      0      00000000 179    unsigned int:t(0,4)=r(0,4);0;4294967295;
1140   LSYM   0      0      00000000 220    long unsigned int:t(0,5)=r(0,5);0;4294967295;
1141   LSYM   0      0      00000000 266    __int128:t(0,6)=r(0,6);0;-1;
1142   LSYM   0      0      00000000 295    __int128 unsigned:t(0,7)=r(0,7);0;-1;
1143   LSYM   0      0      00000000 333    long long int:t(0,8)=r(0,8);-9223372036854775808;9223372036854775807;
1144   LSYM   0      0      00000000 403    long long unsigned int:t(0,9)=r(0,9);0;-1;
1145   LSYM   0      0      00000000 446    short int:t(0,10)=r(0,10);-32768;32767;
1146   LSYM   0      0      00000000 486    short unsigned int:t(0,11)=r(0,11);0;65535;
1147   LSYM   0      0      00000000 530    signed char:t(0,12)=r(0,12);-128;127;
1148   LSYM   0      0      00000000 568    unsigned char:t(0,13)=r(0,13);0;255;
1149   LSYM   0      0      00000000 605    float:t(0,14)=r(0,1);4;0;
1150   LSYM   0      0      00000000 631    double:t(0,15)=r(0,1);8;0;
1151   LSYM   0      0      00000000 658    long double:t(0,16)=r(0,1);12;0;
1152   LSYM   0      0      00000000 691    _Float32:t(0,17)=r(0,1);4;0;
1153   LSYM   0      0      00000000 720    _Float64:t(0,18)=r(0,1);8;0;
1154   LSYM   0      0      00000000 749    _Float128:t(0,19)=r(0,1);16;0;
1155   LSYM   0      0      00000000 780    _Float32x:t(0,20)=r(0,1);8;0;
1156   LSYM   0      0      00000000 810    _Float64x:t(0,21)=r(0,1);12;0;
1157   LSYM   0      0      00000000 841    _Decimal32:t(0,22)=r(0,1);4;0;
1158   LSYM   0      0      00000000 872    _Decimal64:t(0,23)=r(0,1);8;0;
1159   LSYM   0      0      00000000 903    _Decimal128:t(0,24)=r(0,1);16;0;
1160   LSYM   0      0      00000000 936    void:t(0,25)=(0,25)
1161   EXCL   0      0      00000000 2958   ./inc/string.h
1162   EXCL   0      0      000060d4 968    ./inc/types.h
1163   FUN    0      0      f0101552 5829   strlen:F(0,1)
1164   PSYM   0      0      00000008 5843   s:p(0,26)=*(0,2)
1165   SLINE  0      13     00000000 0      
1166   SLINE  0      16     0000000a 0      
1167   SLINE  0      16     0000000f 0      
1168   SLINE  0      17     00000015 0      
1169   SLINE  0      19     0000001a 0      
1170   RSYM   0      0      00000000 5594   n:r(0,1)
1171   RSYM   0      0      00000002 5860   s:r(0,26)
1172   LBRAC  0      0      00000000 0      
1173   RBRAC  0      0      0000001c 0      
1174   FUN    0      0      f010156e 5870   strnlen:F(0,1)
1175   PSYM   0      0      00000008 5885   s:p(0,26)
1176   PSYM   0      0      0000000c 5895   size:p(2,16)
1177   SLINE  0      23     00000000 0      
1178   SLINE  0      26     0000000d 0      
1179   SLINE  0      26     00000012 0      
1180   SLINE  0      26     00000016 0      
1181   SLINE  0      27     0000001c 0      
1182   SLINE  0      29     00000023 0      
1183   RSYM   0      0      00000001 5860   s:r(0,26)
1184   FUN    0      0      f0101595 5908   strcpy:F(0,27)=*(0,2)
1185   PSYM   0      0      00000008 5930   dst:p(0,27)
1186   PSYM   0      0      0000000c 5942   src:p(0,26)
1187   SLINE  0      33     00000000 0      
1188   SLINE  0      37     0000000e 0      
1189   SLINE  0      37     00000013 0      
1190   SLINE  0      37     00000017 0      
1191   SLINE  0      37     0000001d 0      
1192   SLINE  0      40     00000021 0      
1193   RSYM   0      0      00000001 5954   dst:r(0,27)
1194   RSYM   0      0      00000003 5966   src:r(0,26)
1195   FUN    0      0      f01015bb 5978   strcat:F(0,27)
1196   PSYM   0      0      00000008 5930   dst:p(0,27)
1197   PSYM   0      0      0000000c 5942   src:p(0,26)
1198   SLINE  0      44     00000000 0      
1199   SLINE  0      45     0000000e 0      
1200   SLINE  0      46     00000017 0      
1201   SLINE  0      48     00000022 0      
1202   RSYM   0      0      00000003 5954   dst:r(0,27)
1203   FUN    0      0      f01015e4 5993   strncpy:F(0,27)
1204   PSYM   0      0      00000008 5930   dst:p(0,27)
1205   PSYM   0      0      0000000c 5942   src:p(0,26)
1206   PSYM   0      0      00000010 5895   size:p(2,16)
1207   SLINE  0      51     00000000 0      
1208   SLINE  0      56     00000014 0      
1209   SLINE  0      56     00000016 0      
1210   SLINE  0      57     0000001a 0      
1211   SLINE  0      57     0000001d 0      
1212   SLINE  0      57     00000020 0      
1213   SLINE  0      60     00000023 0      
1214   SLINE  0      63     0000002b 0      
1215   RSYM   0      0      00000006 5954   dst:r(0,27)
1216   RSYM   0      0      00000002 5966   src:r(0,26)
1217   FUN    0      0      f0101615 6009   strlcpy:F(2,16)
1218   PSYM   0      0      00000008 5930   dst:p(0,27)
1219   PSYM   0      0      0000000c 5942   src:p(0,26)
1220   PSYM   0      0      00000010 5895   size:p(2,16)
1221   SLINE  0      67     00000000 0      
1222   SLINE  0      71     00000014 0      
1223   SLINE  0      72     0000001e 0      
1224   SLINE  0      72     00000022 0      
1225   SLINE  0      72     00000025 0      
1226   SLINE  0      73     00000029 0      
1227   SLINE  0      73     0000002c 0      
1228   SLINE  0      73     0000002f 0      
1229   SLINE  0      74     00000036 0      
1230   SLINE  0      76     00000039 0      
1231   SLINE  0      77     0000003b 0      
1232   RSYM   0      0      00000006 5954   dst:r(0,27)
1233   RSYM   0      0      00000001 5966   src:r(0,26)
1234   RSYM   0      0      00000002 6025   size:r(2,16)
1235   FUN    0      0      f0101654 6038   strcmp:F(0,1)
1236   PSYM   0      0      00000008 6052   p:p(0,26)
1237   PSYM   0      0      0000000c 6062   q:p(0,26)
1238   SLINE  0      81     00000000 0      
1239   SLINE  0      82     0000000d 0      
1240   SLINE  0      82     00000010 0      
1241   SLINE  0      82     00000014 0      
1242   SLINE  0      83     00000018 0      
1243   SLINE  0      83     0000001b 0      
1244   SLINE  0      84     00000020 0      
1245   SLINE  0      84     00000023 0      
1246   SLINE  0      84     00000026 0      
1247   SLINE  0      85     00000028 0      
1248   RSYM   0      0      00000001 6072   p:r(0,26)
1249   RSYM   0      0      00000002 6082   q:r(0,26)
1250   FUN    0      0      f010167e 6092   strncmp:F(0,1)
1251   PSYM   0      0      00000008 6052   p:p(0,26)
1252   PSYM   0      0      0000000c 6062   q:p(0,26)
1253   PSYM   0      0      00000010 6107   n:p(2,16)
1254   SLINE  0      89     00000000 0      
1255   SLINE  0      90     00000013 0      
1256   SLINE  0      91     00000015 0      
1257   SLINE  0      91     00000018 0      
1258   SLINE  0      90     0000001b 0      
1259   SLINE  0      90     0000001f 0      
1260   SLINE  0      90     00000022 0      
1261   SLINE  0      90     00000026 0      
1262   SLINE  0      95     0000002a 0      
1263   SLINE  0      95     0000002d 0      
1264   SLINE  0      95     00000030 0      
1265   SLINE  0      96     00000032 0      
1266   SLINE  0      93     00000035 0      
1267   RSYM   0      0      00000000 6072   p:r(0,26)
1268   RSYM   0      0      00000002 6082   q:r(0,26)
1269   FUN    0      0      f01016ba 6117   strchr:F(0,27)
1270   PSYM   0      0      00000008 5885   s:p(0,26)
1271   PSYM   0      0      0000000c 3450   c:p(0,1)
1272   SLINE  0      102    00000000 0      
1273   SLINE  0      103    0000000e 0      
1274   SLINE  0      103    00000011 0      
1275   SLINE  0      104    00000015 0      
1276   SLINE  0      103    00000019 0      
1277   SLINE  0      106    0000001e 0      
1278   SLINE  0      107    00000023 0      
1279   RSYM   0      0      00000000 5860   s:r(0,26)
1280   RSYM   0      0      00000001 6132   c:r(0,2)
1281   FUN    0      0      f01016df 6141   strfind:F(0,27)
1282   PSYM   0      0      00000008 5885   s:p(0,26)
1283   PSYM   0      0      0000000c 3450   c:p(0,1)
1284   SLINE  0      113    00000000 0      
1285   SLINE  0      114    0000000e 0      
1286   SLINE  0      115    00000011 0      
1287   SLINE  0      114    00000019 0      
1288   SLINE  0      118    0000001e 0      
1289   RSYM   0      0      00000000 5860   s:r(0,26)
1290   RSYM   0      0      00000001 6132   c:r(0,2)
1291   FUN    0      0      f01016ff 6157   memset:F(0,28)=*(0,25)
1292   PSYM   0      0      00000008 6180   v:p(0,28)
1293   PSYM   0      0      0000000c 3450   c:p(0,1)
1294   PSYM   0      0      00000010 6107   n:p(2,16)
1295   SLINE  0      123    00000000 0      
1296   SLINE  0      126    00000010 0      
1297   SLINE  0      128    00000014 0      
1298   SLINE  0      129    0000001c 0      
1299   SLINE  0      130    00000020 0      
1300   SLINE  0      130    00000025 0      
1301   SLINE  0      130    0000002a 0      
1302   SLINE  0      130    0000002f 0      
1303   SLINE  0      130    00000033 0      
1304   SLINE  0      132    00000035 0      
1305   SLINE  0      131    00000038 0      
1306   SLINE  0      135    0000003f 0      
1307   SLINE  0      139    00000045 0      
1308   RSYM   0      0      00000007 6190   v:r(0,28)
1309   RSYM   0      0      00000001 6200   n:r(2,16)
1310   FUN    0      0      f010174b 6210   memmove:F(0,28)
1311   PSYM   0      0      00000008 6226   dst:p(0,28)
1312   PSYM   0      0      0000000c 6238   src:p(0,29)=*(0,25)
1313   PSYM   0      0      00000010 6107   n:p(2,16)
1314   SLINE  0      143    00000000 0      
1315   SLINE  0      149    00000012 0      
1316   SLINE  0      149    00000016 0      
1317   SLINE  0      149    00000019 0      
1318   SLINE  0      151    0000001d 0      
1319   SLINE  0      152    00000020 0      
1320   SLINE  0      154    0000002e 0      
1321   SLINE  0      154    00000031 0      
1322   SLINE  0      154    00000034 0      
1323   SLINE  0      153    00000037 0      
1324   SLINE  0      157    0000003c 0      
1325   SLINE  0      157    0000003f 0      
1326   SLINE  0      156    00000042 0      
1327   SLINE  0      159    00000045 0      
1328   SLINE  0      161    00000048 0      
1329   SLINE  0      163    00000053 0      
1330   SLINE  0      162    00000056 0      
1331   SLINE  0      165    0000005d 0      
1332   SLINE  0      169    00000062 0      
1333   RSYM   0      0      00000007 6258   d:r(0,27)
1334   RSYM   0      0      00000000 6268   dst:r(0,28)
1335   RSYM   0      0      00000006 6280   src:r(0,29)
1336   RSYM   0      0      00000001 6200   n:r(2,16)
1337   LBRAC  0      0      00000000 0      
1338   RBRAC  0      0      00000066 0      
1339   FUN    0      0      f01017b1 6292   memcpy:F(0,28)
1340   PSYM   0      0      00000008 6226   dst:p(0,28)
1341   PSYM   0      0      0000000c 6307   src:p(0,29)
1342   PSYM   0      0      00000010 6107   n:p(2,16)
1343   SLINE  0      210    00000000 0      
1344   SLINE  0      211    0000000a 0      
1345   SLINE  0      212    00000018 0      
1346   FUN    0      0      f01017cb 6319   memcmp:F(0,1)
1347   PSYM   0      0      00000008 6333   v1:p(0,29)
1348   PSYM   0      0      0000000c 6344   v2:p(0,29)
1349   PSYM   0      0      00000010 6107   n:p(2,16)
1350   SLINE  0      216    00000000 0      
1351   SLINE  0      220    00000014 0      
1352   SLINE  0      221    00000018 0      
1353   SLINE  0      221    0000001b 0      
1354   SLINE  0      221    0000001e 0      
1355   SLINE  0      223    00000022 0      
1356   SLINE  0      223    00000025 0      
1357   SLINE  0      222    0000002a 0      
1358   SLINE  0      222    0000002d 0      
1359   SLINE  0      222    00000030 0      
1360   SLINE  0      226    00000034 0      
1361   SLINE  0      227    00000039 0      
1362   RSYM   0      0      00000000 6355   s1:r(0,30)=*(2,5)
1363   RSYM   0      0      00000002 6373   s2:r(0,30)
1364   RSYM   0      0      00000000 6384   v1:r(0,29)
1365   RSYM   0      0      00000002 6395   v2:r(0,29)
1366   LBRAC  0      0      00000000 0      
1367   RBRAC  0      0      0000003d 0      
1368   FUN    0      0      f0101808 6406   memfind:F(0,28)
1369   PSYM   0      0      00000008 6422   s:p(0,29)
1370   PSYM   0      0      0000000c 3450   c:p(0,1)
1371   PSYM   0      0      00000010 6107   n:p(2,16)
1372   SLINE  0      231    00000000 0      
1373   SLINE  0      232    0000000d 0      
1374   SLINE  0      233    00000012 0      
1375   SLINE  0      234    00000016 0      
1376   SLINE  0      233    0000001a 0      
1377   SLINE  0      237    0000001f 0      
1378   RSYM   0      0      00000002 6432   ends:r(0,29)
1379   RSYM   0      0      00000000 6445   s:r(0,29)
1380   RSYM   0      0      00000001 3259   c:r(0,1)
1381   LBRAC  0      0      00000000 0      
1382   RBRAC  0      0      00000021 0      
1383   FUN    0      0      f0101829 6455   strtol:F(0,3)
1384   PSYM   0      0      00000008 5885   s:p(0,26)
1385   PSYM   0      0      0000000c 6469   endptr:p(0,31)=*(0,27)
1386   PSYM   0      0      00000010 6492   base:p(0,1)
1387   SLINE  0      241    00000000 0      
1388   SLINE  0      246    00000010 0      
1389   SLINE  0      247    00000012 0      
1390   SLINE  0      246    00000015 0      
1391   SLINE  0      246    00000018 0      
1392   SLINE  0      250    00000020 0      
1393   SLINE  0      242    00000024 0      
1394   SLINE  0      252    00000029 0      
1395   SLINE  0      256    0000002d 0      
1396   SLINE  0      256    00000035 0      
1397   SLINE  0      261    0000003a 0      
1398   SLINE  0      251    0000004e 0      
1399   SLINE  0      242    00000051 0      
1400   SLINE  0      253    00000058 0      
1401   SLINE  0      253    0000005b 0      
1402   SLINE  0      256    00000062 0      
1403   SLINE  0      258    00000068 0      
1404   SLINE  0      259    0000006c 0      
1405   SLINE  0      259    0000006f 0      
1406   SLINE  0      259    00000074 0      
1407   SLINE  0      257    00000076 0      
1408   SLINE  0      257    00000079 0      
1409   SLINE  0      257    0000007e 0      
1410   SLINE  0      268    00000080 0      
1411   SLINE  0      268    00000083 0      
1412   SLINE  0      275    00000086 0      
1413   SLINE  0      277    0000008b 0      
1414   SLINE  0      277    0000008e 0      
1415   SLINE  0      277    00000092 0      
1416   SLINE  0      267    00000094 0      
1417   SLINE  0      267    00000097 0      
1418   SLINE  0      267    0000009a 0      
1419   SLINE  0      269    000000a1 0      
1420   SLINE  0      269    000000a4 0      
1421   SLINE  0      270    000000ab 0      
1422   SLINE  0      270    000000ae 0      
1423   SLINE  0      271    000000b3 0      
1424   SLINE  0      271    000000b6 0      
1425   SLINE  0      272    000000bd 0      
1426   SLINE  0      272    000000c0 0      
1427   SLINE  0      281    000000c5 0      
1428   SLINE  0      282    000000cb 0      
1429   SLINE  0      283    000000d0 0      
1430   SLINE  0      284    000000d9 0      
1431   RSYM   0      0      00000007 6504   neg:r(0,1)
1432   RSYM   0      0      00000000 6515   val:r(0,3)
1433   RSYM   0      0      00000001 5860   s:r(0,26)
1434   RSYM   0      0      00000003 5471   base:r(0,1)
1435   LBRAC  0      0      00000000 0      
1436   RSYM   0      0      00000002 6526   dig:r(0,1)
1437   LBRAC  0      0      00000080 0      
1438   RBRAC  0      0      000000c5 0      
1439   RBRAC  0      0      000000de 0      
1440   SO     0      0      f0101907 0      

